---Male Dropoff HeatMap---
[[110  88  61  39  14]
 [ 26  58 114  64  38]
 [ 18  35 191 114  42]
 [ 31  52  71  63  58]
 [ 71  92  82  88 102]]

Total Steps: 1722
Distribution:
[[0.57591623 0.46073298 0.31937173 0.20418848 0.07329843]
 [0.13612565 0.30366492 0.59685864 0.33507853 0.19895288]
 [0.09424084 0.18324607 1.         0.59685864 0.21989529]
 [0.16230366 0.27225131 0.37172775 0.32984293 0.30366492]
 [0.37172775 0.48167539 0.42931937 0.46073298 0.53403141]]


---Male Pickup HeatMap---
[[ 23  70  69  80  48]
 [ 46 112 176 339  76]
 [ 30  71  81 143  72]
 [ 31  87 138  76  52]
 [ 29  96 210  84  32]]

Total Steps: 2271
Distribution:
[[0.06784661 0.20648968 0.20353982 0.2359882  0.14159292]
 [0.13569322 0.33038348 0.51917404 1.         0.22418879]
 [0.08849558 0.20943953 0.23893805 0.42182891 0.21238938]
 [0.09144543 0.25663717 0.40707965 0.22418879 0.15339233]
 [0.08554572 0.28318584 0.61946903 0.24778761 0.09439528]]


---Female Dropoff HeatMap---
[[102  81  42  45  23]
 [ 80  92  97  65  43]
 [ 64  77 165 126  76]
 [ 49  69 102  94 111]
 [172 163  98 118 170]]

Total Steps: 2324
Distribution:
[[0.59302326 0.47093023 0.24418605 0.26162791 0.13372093]
 [0.46511628 0.53488372 0.56395349 0.37790698 0.25      ]
 [0.37209302 0.44767442 0.95930233 0.73255814 0.44186047]
 [0.28488372 0.40116279 0.59302326 0.54651163 0.64534884]
 [1.         0.94767442 0.56976744 0.68604651 0.98837209]]


---Female Pickup HeatMap---
[[ 22  39  28  40  13]
 [ 43  57  74 168  20]
 [ 47  49  39  78  25]
 [ 65  86 111  78  46]
 [ 43 124 290  76  22]]

Total Steps: 1683
Distribution:
[[0.07586207 0.13448276 0.09655172 0.13793103 0.04482759]
 [0.14827586 0.19655172 0.25517241 0.57931034 0.06896552]
 [0.16206897 0.16896552 0.13448276 0.26896552 0.0862069 ]
 [0.22413793 0.29655172 0.38275862 0.26896552 0.15862069]
 [0.14827586 0.42758621 1.         0.26206897 0.07586207]]


