---Male Dropoff HeatMap---
[[163  71  48  39  24]
 [123  92 207  64  48]
 [ 50  46 331 144  60]
 [111  72 123  65  89]
 [149  82  52 150 219]]

Total Steps: 2622
Distribution:
[[0.49244713 0.21450151 0.14501511 0.11782477 0.07250755]
 [0.37160121 0.27794562 0.62537764 0.19335347 0.14501511]
 [0.1510574  0.13897281 1.         0.43504532 0.18126888]
 [0.33534743 0.21752266 0.37160121 0.19637462 0.26888218]
 [0.45015106 0.24773414 0.1570997  0.45317221 0.66163142]]


---Male Pickup HeatMap---
[[ 13  39  29  11   9]
 [ 42  83 178 286  47]
 [ 21  29  40  62  31]
 [ 33  35  66  26  20]
 [ 12  29 192  68  16]]

Total Steps: 1417
Distribution:
[[0.04545455 0.13636364 0.1013986  0.03846154 0.03146853]
 [0.14685315 0.29020979 0.62237762 1.         0.16433566]
 [0.07342657 0.1013986  0.13986014 0.21678322 0.10839161]
 [0.11538462 0.12237762 0.23076923 0.09090909 0.06993007]
 [0.04195804 0.1013986  0.67132867 0.23776224 0.05594406]]


---Female Dropoff HeatMap---
[[145 112  53  39  21]
 [ 71  67 126  51  33]
 [ 40  70 192  82  35]
 [101  89  65  63  68]
 [233 197  72 123 144]]

Total Steps: 2292
Distribution:
[[0.6223176  0.4806867  0.22746781 0.16738197 0.09012876]
 [0.30472103 0.28755365 0.54077253 0.21888412 0.1416309 ]
 [0.17167382 0.30042918 0.82403433 0.35193133 0.15021459]
 [0.43347639 0.38197425 0.27896996 0.27038627 0.29184549]
 [1.         0.84549356 0.30901288 0.527897   0.61802575]]


---Female Pickup HeatMap---
[[ 19  43  24  26  10]
 [ 46  84 136 242  31]
 [ 35  42  39  79  17]
 [ 49  68  70  25  19]
 [ 35 152 287  77  14]]

Total Steps: 1669
Distribution:
[[0.06620209 0.14982578 0.08362369 0.09059233 0.03484321]
 [0.16027875 0.29268293 0.4738676  0.84320557 0.10801394]
 [0.12195122 0.14634146 0.1358885  0.27526132 0.05923345]
 [0.17073171 0.2369338  0.24390244 0.08710801 0.06620209]
 [0.12195122 0.52961672 1.         0.26829268 0.04878049]]


