---Male Dropoff HeatMap---
[[179  98  34  29  18]
 [118  58 127  53  34]
 [ 29  40 235 142  35]
 [ 37  68  53  89  87]
 [163 179  84 209 215]]

Total Steps: 2413
Distribution:
[[0.76170213 0.41702128 0.14468085 0.12340426 0.07659574]
 [0.50212766 0.24680851 0.54042553 0.22553191 0.14468085]
 [0.12340426 0.17021277 1.         0.60425532 0.14893617]
 [0.15744681 0.2893617  0.22553191 0.3787234  0.37021277]
 [0.69361702 0.76170213 0.35744681 0.8893617  0.91489362]]


---Male Pickup HeatMap---
[[ 14  27  24  27  10]
 [ 26  41 140 260  31]
 [ 23  24  40  93  22]
 [ 32  49  81  49  30]
 [ 26 114 272 109  21]]

Total Steps: 1585
Distribution:
[[0.05147059 0.09926471 0.08823529 0.09926471 0.03676471]
 [0.09558824 0.15073529 0.51470588 0.95588235 0.11397059]
 [0.08455882 0.08823529 0.14705882 0.34191176 0.08088235]
 [0.11764706 0.18014706 0.29779412 0.18014706 0.11029412]
 [0.09558824 0.41911765 1.         0.40073529 0.07720588]]


---Female Dropoff HeatMap---
[[147  95  66  40  16]
 [ 88  65 125  51  26]
 [ 38  68 235 116  44]
 [ 45  84 117  71 101]
 [110 121  85 121 162]]

Total Steps: 2237
Distribution:
[[0.62553191 0.40425532 0.28085106 0.17021277 0.06808511]
 [0.37446809 0.27659574 0.53191489 0.21702128 0.1106383 ]
 [0.16170213 0.2893617  1.         0.49361702 0.18723404]
 [0.19148936 0.35744681 0.49787234 0.30212766 0.42978723]
 [0.46808511 0.51489362 0.36170213 0.51489362 0.6893617 ]]


---Female Pickup HeatMap---
[[ 13  42  65  93  22]
 [ 39  76 173 301  38]
 [ 23  43  45  55  20]
 [ 25  32 127  47  29]
 [ 14  76 263  83  21]]

Total Steps: 1765
Distribution:
[[0.04318937 0.13953488 0.21594684 0.3089701  0.0730897 ]
 [0.12956811 0.25249169 0.57475083 1.         0.12624585]
 [0.07641196 0.14285714 0.14950166 0.18272425 0.06644518]
 [0.08305648 0.10631229 0.42192691 0.15614618 0.09634551]
 [0.04651163 0.25249169 0.87375415 0.27574751 0.06976744]]


