---Male Dropoff HeatMap---
[[ 93  64  79  51  25]
 [ 75  58 158 107  53]
 [ 52  46 241 162  67]
 [ 57  75 141 116 121]
 [109 131  99 102 147]]

Total Steps: 2429
Distribution:
[[0.38589212 0.26556017 0.32780083 0.21161826 0.10373444]
 [0.31120332 0.2406639  0.65560166 0.4439834  0.21991701]
 [0.21576763 0.19087137 1.         0.67219917 0.2780083 ]
 [0.23651452 0.31120332 0.58506224 0.4813278  0.50207469]
 [0.45228216 0.54356846 0.41078838 0.42323651 0.60995851]]


---Male Pickup HeatMap---
[[ 17  31  20  29  12]
 [ 23  33  82 248  40]
 [ 23  40  93 166  42]
 [ 29  45  87  84  41]
 [ 41  93 150  64  33]]

Total Steps: 1566
Distribution:
[[0.06854839 0.125      0.08064516 0.11693548 0.0483871 ]
 [0.09274194 0.13306452 0.33064516 1.         0.16129032]
 [0.09274194 0.16129032 0.375      0.66935484 0.16935484]
 [0.11693548 0.18145161 0.35080645 0.33870968 0.16532258]
 [0.16532258 0.375      0.60483871 0.25806452 0.13306452]]


---Female Dropoff HeatMap---
[[159 113  69  55  26]
 [104  89 135  84  46]
 [ 56  63 188 104  49]
 [ 91 103 158  99  97]
 [139 110 137 199 189]]

Total Steps: 2662
Distribution:
[[0.79899497 0.5678392  0.34673367 0.27638191 0.13065327]
 [0.52261307 0.44723618 0.67839196 0.42211055 0.23115578]
 [0.28140704 0.31658291 0.94472362 0.52261307 0.24623116]
 [0.45728643 0.51758794 0.79396985 0.49748744 0.48743719]
 [0.69849246 0.55276382 0.68844221 1.         0.94974874]]


---Female Pickup HeatMap---
[[ 30  47  25  23   5]
 [ 38  44  79 139  12]
 [ 33  37  62  53  16]
 [ 45  57  89  55  33]
 [ 37  66 193  89  36]]

Total Steps: 1343
Distribution:
[[0.15544041 0.24352332 0.12953368 0.11917098 0.02590674]
 [0.19689119 0.22797927 0.40932642 0.72020725 0.06217617]
 [0.17098446 0.19170984 0.32124352 0.2746114  0.08290155]
 [0.23316062 0.29533679 0.4611399  0.28497409 0.17098446]
 [0.19170984 0.34196891 1.         0.4611399  0.1865285 ]]


