---Male Dropoff HeatMap---
[[106  63  60  46  24]
 [ 92  62 139  61  57]
 [ 57  64 252 109  60]
 [ 65  93 139 116 122]
 [ 87 112  94 158 190]]

Total Steps: 2428
Distribution:
[[0.42063492 0.25       0.23809524 0.18253968 0.0952381 ]
 [0.36507937 0.24603175 0.5515873  0.24206349 0.22619048]
 [0.22619048 0.25396825 1.         0.43253968 0.23809524]
 [0.25793651 0.36904762 0.5515873  0.46031746 0.48412698]
 [0.3452381  0.44444444 0.37301587 0.62698413 0.75396825]]


---Male Pickup HeatMap---
[[ 17  37  41  45  18]
 [ 30  54 105 221  45]
 [ 21  35  64 111  31]
 [ 22  44 109  89  46]
 [ 13  46 193 102  29]]

Total Steps: 1568
Distribution:
[[0.07692308 0.16742081 0.18552036 0.20361991 0.08144796]
 [0.13574661 0.24434389 0.47511312 1.         0.20361991]
 [0.09502262 0.15837104 0.28959276 0.50226244 0.14027149]
 [0.09954751 0.19909502 0.49321267 0.40271493 0.2081448 ]
 [0.05882353 0.2081448  0.87330317 0.46153846 0.13122172]]


---Female Dropoff HeatMap---
[[ 94  82  72  51  18]
 [ 31  39  84  55  33]
 [ 40  54 157 112  53]
 [100  98 101 101 115]
 [190 172  89  86 115]]

Total Steps: 2142
Distribution:
[[0.49473684 0.43157895 0.37894737 0.26842105 0.09473684]
 [0.16315789 0.20526316 0.44210526 0.28947368 0.17368421]
 [0.21052632 0.28421053 0.82631579 0.58947368 0.27894737]
 [0.52631579 0.51578947 0.53157895 0.53157895 0.60526316]
 [1.         0.90526316 0.46842105 0.45263158 0.60526316]]


---Female Pickup HeatMap---
[[ 22  53  55  50  16]
 [ 36  61 125 217  31]
 [ 41  53  76  98  30]
 [ 61 102 134  70  31]
 [ 51 131 222  74  22]]

Total Steps: 1862
Distribution:
[[0.0990991  0.23873874 0.24774775 0.22522523 0.07207207]
 [0.16216216 0.27477477 0.56306306 0.97747748 0.13963964]
 [0.18468468 0.23873874 0.34234234 0.44144144 0.13513514]
 [0.27477477 0.45945946 0.6036036  0.31531532 0.13963964]
 [0.22972973 0.59009009 1.         0.33333333 0.0990991 ]]


