---Male Dropoff HeatMap---
[[ 46  65  75  91  69]
 [ 32  77  97 103  93]
 [ 28  56 121  89  67]
 [ 32  75  97  76  52]
 [ 49  46  52  62  66]]

Total Steps: 1716
Distribution:
[[0.38016529 0.53719008 0.61983471 0.75206612 0.57024793]
 [0.26446281 0.63636364 0.80165289 0.85123967 0.76859504]
 [0.23140496 0.46280992 1.         0.73553719 0.55371901]
 [0.26446281 0.61983471 0.80165289 0.62809917 0.42975207]
 [0.40495868 0.38016529 0.42975207 0.51239669 0.54545455]]


---Male Pickup HeatMap---
[[ 97 140  74  49  35]
 [132 166 106 126  44]
 [104 146 117  93  68]
 [105 124  83  69  64]
 [ 58  75 118  60  41]]

Total Steps: 2294
Distribution:
[[0.58433735 0.84337349 0.44578313 0.29518072 0.21084337]
 [0.79518072 1.         0.63855422 0.75903614 0.26506024]
 [0.62650602 0.87951807 0.70481928 0.56024096 0.40963855]
 [0.63253012 0.74698795 0.5        0.41566265 0.38554217]
 [0.34939759 0.45180723 0.71084337 0.36144578 0.24698795]]


---Female Dropoff HeatMap---
[[ 46  30  69 127  86]
 [ 26  58  95 139 110]
 [ 36  62  96 137  97]
 [ 29  68  94 123  81]
 [ 47  65  73  78  78]]

Total Steps: 1950
Distribution:
[[0.33093525 0.21582734 0.49640288 0.91366906 0.61870504]
 [0.18705036 0.41726619 0.68345324 1.         0.79136691]
 [0.25899281 0.44604317 0.69064748 0.98561151 0.69784173]
 [0.20863309 0.48920863 0.67625899 0.88489209 0.58273381]
 [0.3381295  0.4676259  0.52517986 0.56115108 0.56115108]]


---Female Pickup HeatMap---
[[ 64  96  83  43  26]
 [ 98 106  92 125  52]
 [ 89 115 115  84  61]
 [ 88 108 106  90  76]
 [ 44  64 112  61  42]]

Total Steps: 2040
Distribution:
[[0.512 0.768 0.664 0.344 0.208]
 [0.784 0.848 0.736 1.    0.416]
 [0.712 0.92  0.92  0.672 0.488]
 [0.704 0.864 0.848 0.72  0.608]
 [0.352 0.512 0.896 0.488 0.336]]


