---Male Dropoff HeatMap---
[[151 103  54  40  26]
 [104  70 104  52  41]
 [ 55  52 183  79  48]
 [ 73  83 121  99 106]
 [183 177  69 109 137]]

Total Steps: 2319
Distribution:
[[0.82513661 0.56284153 0.29508197 0.21857923 0.1420765 ]
 [0.56830601 0.38251366 0.56830601 0.28415301 0.22404372]
 [0.30054645 0.28415301 1.         0.43169399 0.26229508]
 [0.3989071  0.45355191 0.66120219 0.54098361 0.57923497]
 [1.         0.96721311 0.37704918 0.59562842 0.74863388]]


---Male Pickup HeatMap---
[[ 21  46  39  45  18]
 [ 38  55  94 191  32]
 [ 27  38  49  93  27]
 [ 40  68 110  46  35]
 [ 24 130 304  88  30]]

Total Steps: 1688
Distribution:
[[0.06907895 0.15131579 0.12828947 0.14802632 0.05921053]
 [0.125      0.18092105 0.30921053 0.62828947 0.10526316]
 [0.08881579 0.125      0.16118421 0.30592105 0.08881579]
 [0.13157895 0.22368421 0.36184211 0.15131579 0.11513158]
 [0.07894737 0.42763158 1.         0.28947368 0.09868421]]


---Female Dropoff HeatMap---
[[154  68  41  39  26]
 [134  95 157  55  51]
 [ 42  53 186  90  56]
 [ 65  60  59  86  98]
 [151 139  81 120 134]]

Total Steps: 2240
Distribution:
[[0.82795699 0.3655914  0.22043011 0.20967742 0.13978495]
 [0.72043011 0.51075269 0.84408602 0.29569892 0.27419355]
 [0.22580645 0.28494624 1.         0.48387097 0.30107527]
 [0.34946237 0.32258065 0.3172043  0.46236559 0.52688172]
 [0.81182796 0.74731183 0.43548387 0.64516129 0.72043011]]


---Female Pickup HeatMap---
[[ 19  35  45  31  22]
 [ 50  89 167 270  87]
 [ 27  48  58  87  57]
 [ 29  40  62  58  37]
 [ 28 103 183  89  32]]

Total Steps: 1753
Distribution:
[[0.07037037 0.12962963 0.16666667 0.11481481 0.08148148]
 [0.18518519 0.32962963 0.61851852 1.         0.32222222]
 [0.1        0.17777778 0.21481481 0.32222222 0.21111111]
 [0.10740741 0.14814815 0.22962963 0.21481481 0.13703704]
 [0.1037037  0.38148148 0.67777778 0.32962963 0.11851852]]


