---Male Dropoff HeatMap---
[[104  94  42  27  19]
 [ 40  87  89  38  43]
 [ 22  38  89  78  56]
 [ 47  66  58  69  88]
 [145 137  70 113 159]]

Total Steps: 1818
Distribution:
[[0.65408805 0.59119497 0.26415094 0.16981132 0.11949686]
 [0.25157233 0.54716981 0.55974843 0.23899371 0.27044025]
 [0.13836478 0.23899371 0.55974843 0.49056604 0.35220126]
 [0.29559748 0.41509434 0.36477987 0.43396226 0.55345912]
 [0.91194969 0.86163522 0.44025157 0.71069182 1.        ]]


---Male Pickup HeatMap---
[[ 19  54  64  68  26]
 [ 40  85 150 287  69]
 [ 24  37  74 140  75]
 [ 36  68 130  77  44]
 [ 28 145 296 114  30]]

Total Steps: 2180
Distribution:
[[0.06418919 0.18243243 0.21621622 0.22972973 0.08783784]
 [0.13513514 0.28716216 0.50675676 0.96959459 0.23310811]
 [0.08108108 0.125      0.25       0.47297297 0.25337838]
 [0.12162162 0.22972973 0.43918919 0.26013514 0.14864865]
 [0.09459459 0.48986486 1.         0.38513514 0.10135135]]


---Female Dropoff HeatMap---
[[177 131  75  48  27]
 [160 158 168  83  48]
 [ 79 124 359 214  65]
 [ 97  76 180 179 139]
 [116  78  72 105 142]]

Total Steps: 3100
Distribution:
[[0.49303621 0.36490251 0.20891365 0.13370474 0.07520891]
 [0.44568245 0.44011142 0.46796657 0.23119777 0.13370474]
 [0.22005571 0.3454039  1.         0.59610028 0.1810585 ]
 [0.27019499 0.21169916 0.50139276 0.49860724 0.38718663]
 [0.32311978 0.21727019 0.2005571  0.29247911 0.39554318]]


---Female Pickup HeatMap---
[[ 12  19  13   9   9]
 [ 36  63  79 153  10]
 [ 24  35  15  53   9]
 [ 20  29  65  35  20]
 [  5  20 147  21   2]]

Total Steps: 903
Distribution:
[[0.07843137 0.12418301 0.08496732 0.05882353 0.05882353]
 [0.23529412 0.41176471 0.51633987 1.         0.06535948]
 [0.15686275 0.22875817 0.09803922 0.34640523 0.05882353]
 [0.13071895 0.18954248 0.4248366  0.22875817 0.13071895]
 [0.03267974 0.13071895 0.96078431 0.1372549  0.0130719 ]]


