---Male Dropoff HeatMap---
[[48 23 16 13  8]
 [26 17 40 18 13]
 [17 14 82 31 23]
 [20 25 59 31 53]
 [66 63 47 58 98]]

Total Steps: 909
Distribution:
[[0.48979592 0.23469388 0.16326531 0.13265306 0.08163265]
 [0.26530612 0.17346939 0.40816327 0.18367347 0.13265306]
 [0.17346939 0.14285714 0.83673469 0.31632653 0.23469388]
 [0.20408163 0.25510204 0.60204082 0.31632653 0.54081633]
 [0.67346939 0.64285714 0.47959184 0.59183673 1.        ]]


---Male Pickup HeatMap---
[[ 12  27  19  34  16]
 [ 23  31  69 121  34]
 [ 20  38  47  47  19]
 [ 28  52  65  38  39]
 [ 34  80 133  59  25]]

Total Steps: 1110
Distribution:
[[0.09022556 0.20300752 0.14285714 0.2556391  0.12030075]
 [0.17293233 0.23308271 0.51879699 0.90977444 0.2556391 ]
 [0.15037594 0.28571429 0.35338346 0.35338346 0.14285714]
 [0.21052632 0.39097744 0.4887218  0.28571429 0.29323308]
 [0.2556391  0.60150376 1.         0.44360902 0.18796992]]


---Female Dropoff HeatMap---
[[64 34 20 22 13]
 [33 29 23 29 17]
 [19 13 69 66 23]
 [25 16 40 46 29]
 [43 22 25 56 61]]

Total Steps: 837
Distribution:
[[0.92753623 0.49275362 0.28985507 0.31884058 0.1884058 ]
 [0.47826087 0.42028986 0.33333333 0.42028986 0.24637681]
 [0.27536232 0.1884058  1.         0.95652174 0.33333333]
 [0.36231884 0.23188406 0.57971014 0.66666667 0.42028986]
 [0.62318841 0.31884058 0.36231884 0.8115942  0.88405797]]


---Female Pickup HeatMap---
[[ 12  59  23  29  12]
 [ 24  35  59 114  27]
 [ 27  35  62  75  38]
 [ 47  54  72  48  41]
 [ 37  64  89  52  18]]

Total Steps: 1153
Distribution:
[[0.10526316 0.51754386 0.20175439 0.25438596 0.10526316]
 [0.21052632 0.30701754 0.51754386 1.         0.23684211]
 [0.23684211 0.30701754 0.54385965 0.65789474 0.33333333]
 [0.4122807  0.47368421 0.63157895 0.42105263 0.35964912]
 [0.3245614  0.56140351 0.78070175 0.45614035 0.15789474]]


